-------------------------------Train set prediction results-------------
           
predresults    0    1    2    3    4    5    6    7    8    9
          0 1335    1   14    9   12   24   17   16   15    5
          1    2 1715   57   35   22   21   20   25  102   27
          2   15   16 1286   34   26   22   33   27   49   19
          3   10   21   51 1430   15  102    8   40   72   47
          4    4    4   20   10 1277   43   24   19   34   99
          5  180    2    7   33    6 1035   24    7   45   14
          6   31    4   39   11   26   47 1392   10   32   15
          7    4    4   15   16   18   15    5 1346   11   89
          8    8   24   62   49   40  125   23   13 1167   49
          9    8    5   16   23  102   31    9  150   39 1243
--------------------------Time taken--------------------------------------
[1] "Training time in secs:"
    user   system  elapsed 
1178.269    1.936 1266.943 
[1] "---"
[1] "Prediction time in secs:"
   user  system elapsed 
  2.004   0.800 101.173 
[1] "---"
------------Confusion matrix for train dataset------------------------
Confusion Matrix and Statistics

           
predresults    0    1    2    3    4    5    6    7    8    9
          0 1335    1   14    9   12   24   17   16   15    5
          1    2 1715   57   35   22   21   20   25  102   27
          2   15   16 1286   34   26   22   33   27   49   19
          3   10   21   51 1430   15  102    8   40   72   47
          4    4    4   20   10 1277   43   24   19   34   99
          5  180    2    7   33    6 1035   24    7   45   14
          6   31    4   39   11   26   47 1392   10   32   15
          7    4    4   15   16   18   15    5 1346   11   89
          8    8   24   62   49   40  125   23   13 1167   49
          9    8    5   16   23  102   31    9  150   39 1243

Overall Statistics
                                          
               Accuracy : 0.8266          
                 95% CI : (0.8207, 0.8325)
    No Information Rate : 0.1122          
    P-Value [Acc > NIR] : < 2.2e-16       
                                          
                  Kappa : 0.8073          
 Mcnemar's Test P-Value : < 2.2e-16       

Statistics by Class:

                     Class: 0 Class: 1 Class: 2 Class: 3 Class: 4 Class: 5 Class: 6 Class: 7
Sensitivity           0.83594   0.9549  0.82068  0.86667  0.82707  0.70648  0.89518  0.81428
Specificity           0.99215   0.9781  0.98330  0.97449  0.98222  0.97812  0.98512  0.98766
Pos Pred Value        0.92196   0.8465  0.84217  0.79621  0.83246  0.76497  0.86621  0.88378
Neg Pred Value        0.98200   0.9942  0.98058  0.98451  0.98154  0.97064  0.98868  0.97879
Prevalence            0.09981   0.1123  0.09794  0.10312  0.09650  0.09156  0.09719  0.10331
Detection Rate        0.08344   0.1072  0.08038  0.08937  0.07981  0.06469  0.08700  0.08413
Detection Prevalence  0.09050   0.1266  0.09544  0.11225  0.09588  0.08456  0.10044  0.09519
Balanced Accuracy     0.91405   0.9665  0.90199  0.92058  0.90465  0.84230  0.94015  0.90097
                     Class: 8 Class: 9
Sensitivity           0.74521  0.77349
Specificity           0.97277  0.97339
Pos Pred Value        0.74808  0.76445
Neg Pred Value        0.97237  0.97468
Prevalence            0.09788  0.10044
Detection Rate        0.07294  0.07769
Detection Prevalence  0.09750  0.10162
Balanced Accuracy     0.85899  0.87344
---------------------------------------------------------------------
=====================ROC value================================
Area under the curve: 0.9285
---------------------------------------------------------------------
-------------------------------Test set prediction results-------------
           
predresults    0    1    2    3    4    5    6    7    8    9
          0  798    0   13    9    4   17   14    8    8   10
          1    3 1080   61   29   19   18   13   23   58   21
          2    8    8  761   20   19   14   31   26   17    4
          3    5   12   45  834    7   74    4   32   49   39
          4    4    6   10    9  786   20   19   22   35   75
          5  120    2   11   27    5  600   37    5   34   16
          6   21    7   43    9   27   29  812    4   22    3
          7   10    1   19   20   13   22    5  798   22   51
          8    7   15   60   38   28   81   14   11  687   42
          9    4    4    9   15   74   17    9   99   42  748
[1] "Prediction time in secs:"
   user  system elapsed 
  1.073   0.240  13.182 
[1] "---"
------------Confusion matrix for test dataset------------------------
Confusion Matrix and Statistics

           
predresults    0    1    2    3    4    5    6    7    8    9
          0  798    0   13    9    4   17   14    8    8   10
          1    3 1080   61   29   19   18   13   23   58   21
          2    8    8  761   20   19   14   31   26   17    4
          3    5   12   45  834    7   74    4   32   49   39
          4    4    6   10    9  786   20   19   22   35   75
          5  120    2   11   27    5  600   37    5   34   16
          6   21    7   43    9   27   29  812    4   22    3
          7   10    1   19   20   13   22    5  798   22   51
          8    7   15   60   38   28   81   14   11  687   42
          9    4    4    9   15   74   17    9   99   42  748

Overall Statistics
                                          
               Accuracy : 0.7904          
                 95% CI : (0.7823, 0.7983)
    No Information Rate : 0.1135          
    P-Value [Acc > NIR] : < 2.2e-16       
                                          
                  Kappa : 0.767           
 Mcnemar's Test P-Value : < 2.2e-16       

Statistics by Class:

                     Class: 0 Class: 1 Class: 2 Class: 3 Class: 4 Class: 5 Class: 6 Class: 7
Sensitivity            0.8143   0.9515   0.7374   0.8257   0.8004   0.6726   0.8476   0.7763
Specificity            0.9908   0.9724   0.9836   0.9703   0.9778   0.9718   0.9818   0.9818
Pos Pred Value         0.9058   0.8151   0.8381   0.7575   0.7972   0.7001   0.8311   0.8304
Neg Pred Value         0.9800   0.9937   0.9702   0.9802   0.9783   0.9681   0.9838   0.9746
Prevalence             0.0980   0.1135   0.1032   0.1010   0.0982   0.0892   0.0958   0.1028
Detection Rate         0.0798   0.1080   0.0761   0.0834   0.0786   0.0600   0.0812   0.0798
Detection Prevalence   0.0881   0.1325   0.0908   0.1101   0.0986   0.0857   0.0977   0.0961
Balanced Accuracy      0.9025   0.9620   0.8605   0.8980   0.8891   0.8222   0.9147   0.8790
                     Class: 8 Class: 9
Sensitivity            0.7053   0.7413
Specificity            0.9672   0.9696
Pos Pred Value         0.6989   0.7326
Neg Pred Value         0.9682   0.9709
Prevalence             0.0974   0.1009
Detection Rate         0.0687   0.0748
Detection Prevalence   0.0983   0.1021
Balanced Accuracy      0.8363   0.8555
---------------------------------------------------------------------
=====================ROC value================================
Area under the curve: 0.9131
---------------------------------------------------------------------
