-------------------------------Train set prediction results-------------
           
predresults    0    1    2    3    4    5    6    7    8    9
          0 1583    0   12   16    4   27    7   12   23    3
          1    5 1804   28   26    6    9    7   17   51   20
          2   28   95 1495   92    8   25   30   30   65   11
          3   10   16   54 1470    8   79    4   36   41   33
          4   10    5   26   13 1505   28   17   34   39  168
          5   75    5   13   70    7 1283   25   11   53   15
          6   47   10   39   18   35   51 1605    3   30   13
          7    5   15   23   31   22   13    3 1579   10   92
          8   29   51   58   92   34  132   24   24 1361   41
          9    5    7   12   36   96   33   14  124   74 1417
--------------------------Time taken--------------------------------------
[1] "Training time in secs:"
    user   system  elapsed 
1166.565    2.468 1343.476 
[1] "---"
[1] "Prediction time in secs:"
   user  system elapsed 
  2.108   0.820 103.367 
[1] "---"
------------Confusion matrix for train dataset------------------------
Confusion Matrix and Statistics

           
predresults    0    1    2    3    4    5    6    7    8    9
          0 1583    0   12   16    4   27    7   12   23    3
          1    5 1804   28   26    6    9    7   17   51   20
          2   28   95 1495   92    8   25   30   30   65   11
          3   10   16   54 1470    8   79    4   36   41   33
          4   10    5   26   13 1505   28   17   34   39  168
          5   75    5   13   70    7 1283   25   11   53   15
          6   47   10   39   18   35   51 1605    3   30   13
          7    5   15   23   31   22   13    3 1579   10   92
          8   29   51   58   92   34  132   24   24 1361   41
          9    5    7   12   36   96   33   14  124   74 1417

Overall Statistics
                                          
               Accuracy : 0.839           
                 95% CI : (0.8335, 0.8443)
    No Information Rate : 0.1116          
    P-Value [Acc > NIR] : < 2.2e-16       
                                          
                  Kappa : 0.8211          
 Mcnemar's Test P-Value : < 2.2e-16       

Statistics by Class:

                     Class: 0 Class: 1 Class: 2 Class: 3 Class: 4 Class: 5 Class: 6 Class: 7
Sensitivity           0.88091   0.8984  0.84943  0.78863  0.87246  0.76369  0.92454  0.84439
Specificity           0.99358   0.9894  0.97635  0.98259  0.97911  0.98321  0.98487  0.98673
Pos Pred Value        0.93835   0.9143  0.79564  0.83952  0.81572  0.82402  0.86710  0.88065
Neg Pred Value        0.98688   0.9873  0.98356  0.97575  0.98638  0.97586  0.99189  0.98204
Prevalence            0.09983   0.1116  0.09778  0.10356  0.09583  0.09333  0.09644  0.10389
Detection Rate        0.08794   0.1002  0.08306  0.08167  0.08361  0.07128  0.08917  0.08772
Detection Prevalence  0.09372   0.1096  0.10439  0.09728  0.10250  0.08650  0.10283  0.09961
Balanced Accuracy     0.93725   0.9439  0.91289  0.88561  0.92579  0.87345  0.95471  0.91556
                     Class: 8 Class: 9
Sensitivity           0.77905  0.78158
Specificity           0.97016  0.97523
Pos Pred Value        0.73727  0.77943
Neg Pred Value        0.97610  0.97553
Prevalence            0.09706  0.10072
Detection Rate        0.07561  0.07872
Detection Prevalence  0.10256  0.10100
Balanced Accuracy     0.87460  0.87840
---------------------------------------------------------------------
=====================ROC value================================
Area under the curve: 0.94
---------------------------------------------------------------------
-------------------------------Test set prediction results-------------
           
predresults    0    1    2    3    4    5    6    7    8    9
          0  827    0    9   13    2   21   12    8    8    3
          1    2 1009   27   13   10    4    4   21   33   10
          2   15   45  817   49    4    7   17   37   33    5
          3   10   17   35  762    6   46    2   22   25   35
          4    2    0   13    6  830   13   13   21   35  107
          5   44    5    6   51    2  657   36    3   37   12
          6   46    8   35   15   32   36  848    2   26    9
          7   12    3   21   22    9   16    6  829   13   59
          8   15   42   58   54   22   76   13   17  722   40
          9    7    6   11   25   65   16    7   68   42  729
[1] "Prediction time in secs:"
   user  system elapsed 
  1.252   0.276  31.119 
[1] "---"
------------Confusion matrix for test dataset------------------------
Confusion Matrix and Statistics

           
predresults    0    1    2    3    4    5    6    7    8    9
          0  827    0    9   13    2   21   12    8    8    3
          1    2 1009   27   13   10    4    4   21   33   10
          2   15   45  817   49    4    7   17   37   33    5
          3   10   17   35  762    6   46    2   22   25   35
          4    2    0   13    6  830   13   13   21   35  107
          5   44    5    6   51    2  657   36    3   37   12
          6   46    8   35   15   32   36  848    2   26    9
          7   12    3   21   22    9   16    6  829   13   59
          8   15   42   58   54   22   76   13   17  722   40
          9    7    6   11   25   65   16    7   68   42  729

Overall Statistics
                                          
               Accuracy : 0.803           
                 95% CI : (0.7951, 0.8108)
    No Information Rate : 0.1135          
    P-Value [Acc > NIR] : < 2.2e-16       
                                          
                  Kappa : 0.781           
 Mcnemar's Test P-Value : < 2.2e-16       

Statistics by Class:

                     Class: 0 Class: 1 Class: 2 Class: 3 Class: 4 Class: 5 Class: 6 Class: 7
Sensitivity            0.8439   0.8890   0.7917   0.7545   0.8452   0.7365   0.8852   0.8064
Specificity            0.9916   0.9860   0.9764   0.9780   0.9767   0.9785   0.9769   0.9821
Pos Pred Value         0.9158   0.8906   0.7940   0.7937   0.7981   0.7702   0.8023   0.8374
Neg Pred Value         0.9832   0.9858   0.9760   0.9726   0.9830   0.9743   0.9877   0.9779
Prevalence             0.0980   0.1135   0.1032   0.1010   0.0982   0.0892   0.0958   0.1028
Detection Rate         0.0827   0.1009   0.0817   0.0762   0.0830   0.0657   0.0848   0.0829
Detection Prevalence   0.0903   0.1133   0.1029   0.0960   0.1040   0.0853   0.1057   0.0990
Balanced Accuracy      0.9177   0.9375   0.8840   0.8662   0.9110   0.8575   0.9310   0.8942
                     Class: 8 Class: 9
Sensitivity            0.7413   0.7225
Specificity            0.9627   0.9725
Pos Pred Value         0.6818   0.7469
Neg Pred Value         0.9718   0.9690
Prevalence             0.0974   0.1009
Detection Rate         0.0722   0.0729
Detection Prevalence   0.1059   0.0976
Balanced Accuracy      0.8520   0.8475
---------------------------------------------------------------------
=====================ROC value================================
Area under the curve: 0.9201
---------------------------------------------------------------------
