-------------------------------Train set prediction results-------------
           
predresults    0    1    2    3    4    5    6    7    8    9
          0 1611    1   72   26    5  102   45    5   13   13
          1    1 2050   53   10   20    9   29   14   69    7
          2   66   35 1471  137   10   57   19   54   46   18
          3   37    9  106 1469    2  112    0   65   88   32
          4   54    1   21    6 1390   45   36   13   86   45
          5   90    2   30  176    8 1054   22   11  313   13
          6   23    7  159    7  132   72 1801    2  125    6
          7    0    2   13   22    3    2    0 1464    2   78
          8   24  138   51  138   26  350   51    5  962   33
          9   38    7   30   54  368   55    1  367  214 1764
--------------------------Time taken--------------------------------------
[1] "Training time in secs:"
    user   system  elapsed 
1029.692    1.412 1150.955 
[1] "---"
[1] "Prediction time in secs:"
   user  system elapsed 
  1.056   0.600  53.768 
[1] "---"
------------Confusion matrix for train dataset------------------------
Confusion Matrix and Statistics

           
predresults    0    1    2    3    4    5    6    7    8    9
          0 1611    1   72   26    5  102   45    5   13   13
          1    1 2050   53   10   20    9   29   14   69    7
          2   66   35 1471  137   10   57   19   54   46   18
          3   37    9  106 1469    2  112    0   65   88   32
          4   54    1   21    6 1390   45   36   13   86   45
          5   90    2   30  176    8 1054   22   11  313   13
          6   23    7  159    7  132   72 1801    2  125    6
          7    0    2   13   22    3    2    0 1464    2   78
          8   24  138   51  138   26  350   51    5  962   33
          9   38    7   30   54  368   55    1  367  214 1764

Overall Statistics
                                          
               Accuracy : 0.7518          
                 95% CI : (0.7458, 0.7578)
    No Information Rate : 0.1126          
    P-Value [Acc > NIR] : < 2.2e-16       
                                          
                  Kappa : 0.7241          
 Mcnemar's Test P-Value : < 2.2e-16       

Statistics by Class:

                     Class: 0 Class: 1 Class: 2 Class: 3 Class: 4 Class: 5 Class: 6 Class: 7
Sensitivity           0.82870   0.9103  0.73330  0.71834  0.70774  0.56728  0.89870   0.7320
Specificity           0.98438   0.9881  0.97544  0.97488  0.98298  0.96334  0.97038   0.9932
Pos Pred Value        0.85103   0.9063  0.76895  0.76510  0.81909  0.61315  0.77164   0.9231
Neg Pred Value        0.98161   0.9886  0.97042  0.96814  0.96864  0.95602  0.98851   0.9709
Prevalence            0.09720   0.1126  0.10030  0.10225  0.09820  0.09290  0.10020   0.1000
Detection Rate        0.08055   0.1025  0.07355  0.07345  0.06950  0.05270  0.09005   0.0732
Detection Prevalence  0.09465   0.1131  0.09565  0.09600  0.08485  0.08595  0.11670   0.0793
Balanced Accuracy     0.90654   0.9492  0.85437  0.84661  0.84536  0.76531  0.93454   0.8626
                     Class: 8 Class: 9
Sensitivity            0.5016   0.8780
Specificity            0.9549   0.9370
Pos Pred Value         0.5411   0.6087
Neg Pred Value         0.9475   0.9857
Prevalence             0.0959   0.1004
Detection Rate         0.0481   0.0882
Detection Prevalence   0.0889   0.1449
Balanced Accuracy      0.7282   0.9075
---------------------------------------------------------------------
=====================ROC value================================
Area under the curve: 0.8596
---------------------------------------------------------------------
-------------------------------Test set prediction results-------------
[1] "Prediction time in secs:"
   user  system elapsed 
  0.461   0.128  10.157 
[1] "---"
------------Confusion matrix for test dataset------------------------
Confusion Matrix and Statistics

           
predresults    0    1    2    3    4    5    6    7    8    9
          0  798    0   41    9    1   59   29    0   15    9
          1    0 1043   32    7   11    2    9   13   26    5
          2   34   12  752   75    5   34    9   45   16    6
          3   27    6   56  726    1   53    0   33   41   14
          4   42    0    9    3  707   31   17    5   56   30
          5   33    1    9   76    3  490    8    1  177    9
          6   17    1   82    2   76   29  867    0   86    4
          7    1    1    6   12    2    0    0  769    3   40
          8    9   68   34   73    8  174   17    4  432   18
          9   19    3   11   27  168   20    2  158  122  874

Overall Statistics
                                          
               Accuracy : 0.7458          
                 95% CI : (0.7371, 0.7543)
    No Information Rate : 0.1135          
    P-Value [Acc > NIR] : < 2.2e-16       
                                          
                  Kappa : 0.7174          
 Mcnemar's Test P-Value : NA              

Statistics by Class:

                     Class: 0 Class: 1 Class: 2 Class: 3 Class: 4 Class: 5 Class: 6 Class: 7
Sensitivity            0.8143   0.9189   0.7287   0.7188   0.7200   0.5493   0.9050   0.7481
Specificity            0.9819   0.9882   0.9737   0.9743   0.9786   0.9652   0.9672   0.9928
Pos Pred Value         0.8304   0.9085   0.7611   0.7586   0.7856   0.6072   0.7448   0.9221
Neg Pred Value         0.9799   0.9896   0.9689   0.9686   0.9698   0.9563   0.9897   0.9717
Prevalence             0.0980   0.1135   0.1032   0.1010   0.0982   0.0892   0.0958   0.1028
Detection Rate         0.0798   0.1043   0.0752   0.0726   0.0707   0.0490   0.0867   0.0769
Detection Prevalence   0.0961   0.1148   0.0988   0.0957   0.0900   0.0807   0.1164   0.0834
Balanced Accuracy      0.8981   0.9535   0.8512   0.8466   0.8493   0.7573   0.9361   0.8704
                     Class: 8 Class: 9
Sensitivity            0.4435   0.8662
Specificity            0.9551   0.9411
Pos Pred Value         0.5161   0.6225
Neg Pred Value         0.9408   0.9843
Prevalence             0.0974   0.1009
Detection Rate         0.0432   0.0874
Detection Prevalence   0.0837   0.1404
Balanced Accuracy      0.6993   0.9036
---------------------------------------------------------------------
=====================ROC value================================
Area under the curve: 0.8387
---------------------------------------------------------------------
