-------------------------------Train set prediction results-------------
           
predresults    0    1    2    3    4    5    6    7    8    9
          0  986    1   11    6    3   14    6   11    8   10
          1    6 1248   36   41   29   30   16   37   82   27
          2   20   12  906   48   25   23   38   41   49   15
          3    9   18   32  939   10   58    7   29   36   52
          4   10    5   12   17  905   29   18   25   30   90
          5  111    9   15   46   19  745   24   25   41   20
          6   37    4   42   20   41   38 1011    9   37   22
          7   13    2   24   29   36   21   11  950    7   83
          8   24   29   55   63   36  118   24   16  828   34
          9   12    9   16   19   74   21   10  110   51  843
--------------------------Time taken--------------------------------------
[1] "Training time in secs:"
   user  system elapsed 
937.562   1.320 986.926 
[1] "---"
[1] "Prediction time in secs:"
   user  system elapsed 
  1.488   0.304  19.150 
[1] "---"
------------Confusion matrix for train dataset------------------------
Confusion Matrix and Statistics

           
predresults    0    1    2    3    4    5    6    7    8    9
          0  986    1   11    6    3   14    6   11    8   10
          1    6 1248   36   41   29   30   16   37   82   27
          2   20   12  906   48   25   23   38   41   49   15
          3    9   18   32  939   10   58    7   29   36   52
          4   10    5   12   17  905   29   18   25   30   90
          5  111    9   15   46   19  745   24   25   41   20
          6   37    4   42   20   41   38 1011    9   37   22
          7   13    2   24   29   36   21   11  950    7   83
          8   24   29   55   63   36  118   24   16  828   34
          9   12    9   16   19   74   21   10  110   51  843

Overall Statistics
                                          
               Accuracy : 0.7801          
                 95% CI : (0.7726, 0.7875)
    No Information Rate : 0.1114          
    P-Value [Acc > NIR] : < 2.2e-16       
                                          
                  Kappa : 0.7555          
 Mcnemar's Test P-Value : < 2.2e-16       

Statistics by Class:

                     Class: 0 Class: 1 Class: 2 Class: 3 Class: 4 Class: 5 Class: 6 Class: 7
Sensitivity           0.80293   0.9334  0.78851  0.76466  0.76825  0.67912  0.86781  0.75818
Specificity           0.99350   0.9715  0.97503  0.97670  0.97819  0.97157  0.97693  0.97897
Pos Pred Value        0.93371   0.8041  0.76975  0.78908  0.79316  0.70616  0.80174  0.80782
Neg Pred Value        0.97789   0.9915  0.97755  0.97327  0.97486  0.96784  0.98566  0.97201
Prevalence            0.10233   0.1114  0.09575  0.10233  0.09817  0.09142  0.09708  0.10442
Detection Rate        0.08217   0.1040  0.07550  0.07825  0.07542  0.06208  0.08425  0.07917
Detection Prevalence  0.08800   0.1293  0.09808  0.09917  0.09508  0.08792  0.10508  0.09800
Balanced Accuracy     0.89822   0.9525  0.88177  0.87068  0.87322  0.82535  0.92237  0.86858
                     Class: 8 Class: 9
Sensitivity           0.70830  0.70485
Specificity           0.96316  0.97020
Pos Pred Value        0.67482  0.72361
Neg Pred Value        0.96835  0.96742
Prevalence            0.09742  0.09967
Detection Rate        0.06900  0.07025
Detection Prevalence  0.10225  0.09708
Balanced Accuracy     0.83573  0.83752
---------------------------------------------------------------------
=====================ROC value================================
Area under the curve: 0.939
---------------------------------------------------------------------
-------------------------------Test set prediction results-------------
           
predresults    0    1    2    3    4    5    6    7    8    9
          0  757    1   15   12    3   11   16   12    4    5
          1    3 1042   44   30   28   21   17   34   61   23
          2   17   12  749   42   22   19   35   44   48   14
          3   11   19   36  716   13   44    7   47   29   51
          4    6    5   13   20  735   27   15   18   40   90
          5  116    9   14   58   14  570   32    8   47   14
          6   33    7   48   15   47   43  803   10   34   17
          7   12    1   23   31   20   19    9  732   13   80
          8   17   29   63   63   24  115   13   29  661   50
          9    8   10   27   23   76   23   11   94   37  665
[1] "Prediction time in secs:"
   user  system elapsed 
  1.108   0.216  12.077 
[1] "---"
------------Confusion matrix for test dataset------------------------
Confusion Matrix and Statistics

           
predresults    0    1    2    3    4    5    6    7    8    9
          0  757    1   15   12    3   11   16   12    4    5
          1    3 1042   44   30   28   21   17   34   61   23
          2   17   12  749   42   22   19   35   44   48   14
          3   11   19   36  716   13   44    7   47   29   51
          4    6    5   13   20  735   27   15   18   40   90
          5  116    9   14   58   14  570   32    8   47   14
          6   33    7   48   15   47   43  803   10   34   17
          7   12    1   23   31   20   19    9  732   13   80
          8   17   29   63   63   24  115   13   29  661   50
          9    8   10   27   23   76   23   11   94   37  665

Overall Statistics
                                          
               Accuracy : 0.743           
                 95% CI : (0.7343, 0.7515)
    No Information Rate : 0.1135          
    P-Value [Acc > NIR] : < 2.2e-16       
                                          
                  Kappa : 0.7143          
 Mcnemar's Test P-Value : < 2.2e-16       

Statistics by Class:

                     Class: 0 Class: 1 Class: 2 Class: 3 Class: 4 Class: 5 Class: 6 Class: 7
Sensitivity            0.7724   0.9181   0.7258   0.7089   0.7485   0.6390   0.8382   0.7121
Specificity            0.9912   0.9706   0.9718   0.9714   0.9741   0.9657   0.9719   0.9768
Pos Pred Value         0.9055   0.7997   0.7475   0.7359   0.7585   0.6463   0.7597   0.7787
Neg Pred Value         0.9757   0.9893   0.9685   0.9674   0.9726   0.9647   0.9827   0.9673
Prevalence             0.0980   0.1135   0.1032   0.1010   0.0982   0.0892   0.0958   0.1028
Detection Rate         0.0757   0.1042   0.0749   0.0716   0.0735   0.0570   0.0803   0.0732
Detection Prevalence   0.0836   0.1303   0.1002   0.0973   0.0969   0.0882   0.1057   0.0940
Balanced Accuracy      0.8818   0.9443   0.8488   0.8402   0.8613   0.8024   0.9051   0.8444
                     Class: 8 Class: 9
Sensitivity            0.6786   0.6591
Specificity            0.9554   0.9656
Pos Pred Value         0.6212   0.6828
Neg Pred Value         0.9650   0.9619
Prevalence             0.0974   0.1009
Detection Rate         0.0661   0.0665
Detection Prevalence   0.1064   0.0974
Balanced Accuracy      0.8170   0.8124
---------------------------------------------------------------------
=====================ROC value================================
Area under the curve: 0.9158
---------------------------------------------------------------------
