-------------------------------Train set prediction results-------------
           
predresults    0    1    2    3    4    5    6    7    8    9
          0 1603    6   29   15    6   51   33    7   53    7
          1    1 2184   34   10   12   24   32   27   56   13
          2   66   25 1722   74   13   47  140   20   54   12
          3   30   24   46 1667    6  123    7   24  108   39
          4   11    5   33   15 1725   51   60   42   57  201
          5  139   24    9  152    5 1365   56    9  263   45
          6   53    4   23    5   17   46 1589    2   19    5
          7   29    5   22   29   17   16    4 1803    9  117
          8   29   42   61   34   14   61   15   17 1222   28
          9   12   10   13   30  122   36    9  170   66 1478
--------------------------Time taken--------------------------------------
[1] "Training time in secs:"
    user   system  elapsed 
1245.354    2.496 1360.570 
[1] "---"
[1] "Prediction time in secs:"
   user  system elapsed 
  2.084   0.848  50.876 
[1] "---"
------------Confusion matrix for train dataset------------------------
Confusion Matrix and Statistics

           
predresults    0    1    2    3    4    5    6    7    8    9
          0 1603    6   29   15    6   51   33    7   53    7
          1    1 2184   34   10   12   24   32   27   56   13
          2   66   25 1722   74   13   47  140   20   54   12
          3   30   24   46 1667    6  123    7   24  108   39
          4   11    5   33   15 1725   51   60   42   57  201
          5  139   24    9  152    5 1365   56    9  263   45
          6   53    4   23    5   17   46 1589    2   19    5
          7   29    5   22   29   17   16    4 1803    9  117
          8   29   42   61   34   14   61   15   17 1222   28
          9   12   10   13   30  122   36    9  170   66 1478

Overall Statistics
                                          
               Accuracy : 0.8179          
                 95% CI : (0.8125, 0.8232)
    No Information Rate : 0.1164          
    P-Value [Acc > NIR] : < 2.2e-16       
                                          
                  Kappa : 0.7976          
 Mcnemar's Test P-Value : < 2.2e-16       

Statistics by Class:

                     Class: 0 Class: 1 Class: 2 Class: 3 Class: 4 Class: 5 Class: 6 Class: 7
Sensitivity           0.81247   0.9377   0.8645  0.82078  0.89055  0.75000  0.81697  0.85007
Specificity           0.98852   0.9882   0.9750  0.97735  0.97370  0.96139  0.99036  0.98613
Pos Pred Value        0.88564   0.9127   0.7925  0.80376  0.78409  0.66038  0.90130  0.87908
Neg Pred Value        0.97966   0.9918   0.9849  0.97969  0.98809  0.97463  0.98048  0.98228
Prevalence            0.09865   0.1164   0.0996  0.10155  0.09685  0.09100  0.09725  0.10605
Detection Rate        0.08015   0.1092   0.0861  0.08335  0.08625  0.06825  0.07945  0.09015
Detection Prevalence  0.09050   0.1197   0.1086  0.10370  0.11000  0.10335  0.08815  0.10255
Balanced Accuracy     0.90049   0.9630   0.9197  0.89906  0.93213  0.85569  0.90366  0.91810
                     Class: 8 Class: 9
Sensitivity           0.64080  0.75990
Specificity           0.98336  0.97408
Pos Pred Value        0.80236  0.75951
Neg Pred Value        0.96293  0.97413
Prevalence            0.09535  0.09725
Detection Rate        0.06110  0.07390
Detection Prevalence  0.07615  0.09730
Balanced Accuracy     0.81208  0.86699
---------------------------------------------------------------------
=====================ROC value================================
Area under the curve: 0.8925
---------------------------------------------------------------------
-------------------------------Test set prediction results-------------
           
predresults    0    1    2    3    4    5    6    7    8    9
          0  783    1   18    5    7   30   27    4   23    5
          1    0 1048   24    8    5    7   12   25   23    8
          2   40   16  845   37    7   20   74   17   29    8
          3   13   16   31  815    7   54    7    7   60   16
          4    7    2   19    6  851   25   44   18   36  120
          5   69   12    7   83    3  664   26    2  159   25
          6   31    6   18    4    9   23  747    5   21    5
          7   14    5   16   21    6   14    7  870   22   54
          8   12   25   44   17    9   41   10    6  565   30
          9   11    4   10   14   78   14    4   74   36  738
[1] "Prediction time in secs:"
   user  system elapsed 
  1.092   0.380  26.097 
[1] "---"
------------Confusion matrix for test dataset------------------------
Confusion Matrix and Statistics

           
predresults    0    1    2    3    4    5    6    7    8    9
          0  783    1   18    5    7   30   27    4   23    5
          1    0 1048   24    8    5    7   12   25   23    8
          2   40   16  845   37    7   20   74   17   29    8
          3   13   16   31  815    7   54    7    7   60   16
          4    7    2   19    6  851   25   44   18   36  120
          5   69   12    7   83    3  664   26    2  159   25
          6   31    6   18    4    9   23  747    5   21    5
          7   14    5   16   21    6   14    7  870   22   54
          8   12   25   44   17    9   41   10    6  565   30
          9   11    4   10   14   78   14    4   74   36  738

Overall Statistics
                                          
               Accuracy : 0.7926          
                 95% CI : (0.7845, 0.8005)
    No Information Rate : 0.1135          
    P-Value [Acc > NIR] : < 2.2e-16       
                                          
                  Kappa : 0.7695          
 Mcnemar's Test P-Value : < 2.2e-16       

Statistics by Class:

                     Class: 0 Class: 1 Class: 2 Class: 3 Class: 4 Class: 5 Class: 6 Class: 7
Sensitivity            0.7990   0.9233   0.8188   0.8069   0.8666   0.7444   0.7797   0.8463
Specificity            0.9867   0.9874   0.9723   0.9765   0.9693   0.9576   0.9865   0.9823
Pos Pred Value         0.8671   0.9034   0.7731   0.7943   0.7544   0.6324   0.8596   0.8455
Neg Pred Value         0.9783   0.9902   0.9790   0.9783   0.9852   0.9745   0.9769   0.9824
Prevalence             0.0980   0.1135   0.1032   0.1010   0.0982   0.0892   0.0958   0.1028
Detection Rate         0.0783   0.1048   0.0845   0.0815   0.0851   0.0664   0.0747   0.0870
Detection Prevalence   0.0903   0.1160   0.1093   0.1026   0.1128   0.1050   0.0869   0.1029
Balanced Accuracy      0.8928   0.9554   0.8956   0.8917   0.9179   0.8510   0.8831   0.9143
                     Class: 8 Class: 9
Sensitivity            0.5801   0.7314
Specificity            0.9785   0.9728
Pos Pred Value         0.7444   0.7508
Neg Pred Value         0.9557   0.9699
Prevalence             0.0974   0.1009
Detection Rate         0.0565   0.0738
Detection Prevalence   0.0759   0.0983
Balanced Accuracy      0.7793   0.8521
---------------------------------------------------------------------
=====================ROC value================================
Area under the curve: 0.8746
---------------------------------------------------------------------
