-------------------------------Train set prediction results-------------
           
predresults   0   1   2   3   4   5   6   7   8   9
          0 356   0   1   1   0   1   5   0   0   2
          1   1 424   6   4   1   5   5   4  11   5
          2  11   1 353   9   2   4  10   2   8   1
          3   4   0   4 376   1  14   0   1   9   5
          4   2   1   1   0 341   8   0   3   6   7
          5  19   0   1   8   2 338   4   1   7   2
          6   3   0   4   2   2   3 380   0   4   3
          7   2   1   1   0   1   4   0 389   1   7
          8   1   3   5   7   2   2   2   1 350   2
          9  11   0   0   1  12   3   6  12   9 366
--------------------------Time taken--------------------------------------
[1] "Training time in secs:"
   user  system elapsed 
486.279   0.628 494.336 
[1] "---"
[1] "Prediction time in secs:"
   user  system elapsed 
  0.520   0.044   0.651 
[1] "---"
------------Confusion matrix for train dataset------------------------
Confusion Matrix and Statistics

           
predresults   0   1   2   3   4   5   6   7   8   9
          0 356   0   1   1   0   1   5   0   0   2
          1   1 424   6   4   1   5   5   4  11   5
          2  11   1 353   9   2   4  10   2   8   1
          3   4   0   4 376   1  14   0   1   9   5
          4   2   1   1   0 341   8   0   3   6   7
          5  19   0   1   8   2 338   4   1   7   2
          6   3   0   4   2   2   3 380   0   4   3
          7   2   1   1   0   1   4   0 389   1   7
          8   1   3   5   7   2   2   2   1 350   2
          9  11   0   0   1  12   3   6  12   9 366

Overall Statistics
                                          
               Accuracy : 0.9182          
                 95% CI : (0.9093, 0.9266)
    No Information Rate : 0.1075          
    P-Value [Acc > NIR] : < 2.2e-16       
                                          
                  Kappa : 0.9091          
 Mcnemar's Test P-Value : NA              

Statistics by Class:

                     Class: 0 Class: 1 Class: 2 Class: 3 Class: 4 Class: 5 Class: 6 Class: 7
Sensitivity            0.8683   0.9860  0.93883   0.9216  0.93681   0.8848   0.9223  0.94189
Specificity            0.9972   0.9882  0.98675   0.9894  0.99230   0.9878   0.9941  0.99526
Pos Pred Value         0.9727   0.9099  0.88030   0.9082  0.92412   0.8848   0.9476  0.95813
Neg Pred Value         0.9851   0.9983  0.99361   0.9911  0.99367   0.9878   0.9911  0.99332
Prevalence             0.1025   0.1075  0.09400   0.1020  0.09100   0.0955   0.1030  0.10325
Detection Rate         0.0890   0.1060  0.08825   0.0940  0.08525   0.0845   0.0950  0.09725
Detection Prevalence   0.0915   0.1165  0.10025   0.1035  0.09225   0.0955   0.1003  0.10150
Balanced Accuracy      0.9328   0.9871  0.96279   0.9555  0.96456   0.9363   0.9582  0.96857
                     Class: 8 Class: 9
Sensitivity           0.86420   0.9150
Specificity           0.99305   0.9850
Pos Pred Value        0.93333   0.8714
Neg Pred Value        0.98483   0.9905
Prevalence            0.10125   0.1000
Detection Rate        0.08750   0.0915
Detection Prevalence  0.09375   0.1050
Balanced Accuracy     0.92862   0.9500
---------------------------------------------------------------------
=====================ROC value================================
Area under the curve: 0.9729
---------------------------------------------------------------------
-------------------------------Test set prediction results-------------
           
predresults    0    1    2    3    4    5    6    7    8    9
          0  721    0   14    6    3    8   15    6    2    6
          1    2 1060   39   22   15   19    7   29   40   17
          2   49   22  792   42   13   13   39   34   42    7
          3   25   11   27  785   13   82    4   17   49   52
          4    8    2   23   14  741   29   33   16   26   43
          5   76    4   11   53    6  554   45    5   37   10
          6   33    3   25    8   14   19  765    6   22    9
          7   25    3   21   30   12   49   16  825   20   55
          8   11   30   61   35   20   70   14   15  659   17
          9   30    0   19   15  145   49   20   75   77  793
[1] "Prediction time in secs:"
   user  system elapsed 
  1.128   0.100   1.285 
[1] "---"
------------Confusion matrix for test dataset------------------------
Confusion Matrix and Statistics

           
predresults    0    1    2    3    4    5    6    7    8    9
          0  721    0   14    6    3    8   15    6    2    6
          1    2 1060   39   22   15   19    7   29   40   17
          2   49   22  792   42   13   13   39   34   42    7
          3   25   11   27  785   13   82    4   17   49   52
          4    8    2   23   14  741   29   33   16   26   43
          5   76    4   11   53    6  554   45    5   37   10
          6   33    3   25    8   14   19  765    6   22    9
          7   25    3   21   30   12   49   16  825   20   55
          8   11   30   61   35   20   70   14   15  659   17
          9   30    0   19   15  145   49   20   75   77  793

Overall Statistics
                                          
               Accuracy : 0.7695          
                 95% CI : (0.7611, 0.7777)
    No Information Rate : 0.1135          
    P-Value [Acc > NIR] : < 2.2e-16       
                                          
                  Kappa : 0.7437          
 Mcnemar's Test P-Value : < 2.2e-16       

Statistics by Class:

                     Class: 0 Class: 1 Class: 2 Class: 3 Class: 4 Class: 5 Class: 6 Class: 7
Sensitivity            0.7357   0.9339   0.7674   0.7772   0.7546   0.6211   0.7985   0.8025
Specificity            0.9933   0.9786   0.9709   0.9689   0.9785   0.9729   0.9846   0.9743
Pos Pred Value         0.9232   0.8480   0.7521   0.7371   0.7925   0.6916   0.8462   0.7812
Neg Pred Value         0.9719   0.9914   0.9732   0.9748   0.9734   0.9633   0.9788   0.9773
Prevalence             0.0980   0.1135   0.1032   0.1010   0.0982   0.0892   0.0958   0.1028
Detection Rate         0.0721   0.1060   0.0792   0.0785   0.0741   0.0554   0.0765   0.0825
Detection Prevalence   0.0781   0.1250   0.1053   0.1065   0.0935   0.0801   0.0904   0.1056
Balanced Accuracy      0.8645   0.9562   0.8692   0.8730   0.8665   0.7970   0.8916   0.8884
                     Class: 8 Class: 9
Sensitivity            0.6766   0.7859
Specificity            0.9698   0.9522
Pos Pred Value         0.7071   0.6484
Neg Pred Value         0.9653   0.9754
Prevalence             0.0974   0.1009
Detection Rate         0.0659   0.0793
Detection Prevalence   0.0932   0.1223
Balanced Accuracy      0.8232   0.8691
---------------------------------------------------------------------
=====================ROC value================================
Area under the curve: 0.9289
---------------------------------------------------------------------
