-------------------------------Train set prediction results-------------
           
predresults   0   1   2   3   4   5   6   7   8   9
          0 687   7  20  17  17  23  25  18  24  24
          1  26 677  16  21  21  11  14  19  30  24
          2   7  24 555  22  19  10  20  15  32  12
          3   9  41  44 620  14  37   6  23  27  20
          4   8   4  20   4 519  14  10  10  13  46
          5  16  20  11  61  34 549  34  15  69  53
          6  11  15  28   9  48  16 613  20  40  38
          7  22  30  29  37  37  21  16 648  16  82
          8  12  38  28  17  33  40  17  11 519  29
          9   6  26  12  15  33  10   6  54  20 510
--------------------------Time taken--------------------------------------
[1] "Training time in secs:"
   user  system elapsed 
698.980   0.856 729.385 
[1] "---"
[1] "Prediction time in secs:"
   user  system elapsed 
  0.956   0.188   7.297 
[1] "---"
------------Confusion matrix for train dataset------------------------
Confusion Matrix and Statistics

           
predresults   0   1   2   3   4   5   6   7   8   9
          0 687   7  20  17  17  23  25  18  24  24
          1  26 677  16  21  21  11  14  19  30  24
          2   7  24 555  22  19  10  20  15  32  12
          3   9  41  44 620  14  37   6  23  27  20
          4   8   4  20   4 519  14  10  10  13  46
          5  16  20  11  61  34 549  34  15  69  53
          6  11  15  28   9  48  16 613  20  40  38
          7  22  30  29  37  37  21  16 648  16  82
          8  12  38  28  17  33  40  17  11 519  29
          9   6  26  12  15  33  10   6  54  20 510

Overall Statistics
                                          
               Accuracy : 0.7371          
                 95% CI : (0.7273, 0.7467)
    No Information Rate : 0.1102          
    P-Value [Acc > NIR] : < 2.2e-16       
                                          
                  Kappa : 0.7079          
 Mcnemar's Test P-Value : < 2.2e-16       

Statistics by Class:

                     Class: 0 Class: 1 Class: 2 Class: 3 Class: 4 Class: 5 Class: 6 Class: 7
Sensitivity           0.85448  0.76757  0.72739   0.7533  0.66968  0.75103  0.80552   0.7779
Specificity           0.97568  0.97443  0.97775   0.9692  0.98215  0.95694  0.96892   0.9595
Pos Pred Value        0.79698  0.78813  0.77514   0.7372  0.80093  0.63689  0.73150   0.6908
Neg Pred Value        0.98361  0.97129  0.97144   0.9716  0.96518  0.97450  0.97934   0.9738
Prevalence            0.10050  0.11025  0.09538   0.1029  0.09688  0.09137  0.09513   0.1041
Detection Rate        0.08588  0.08463  0.06938   0.0775  0.06488  0.06863  0.07662   0.0810
Detection Prevalence  0.10775  0.10737  0.08950   0.1051  0.08100  0.10775  0.10475   0.1172
Balanced Accuracy     0.91508  0.87100  0.85257   0.8613  0.82591  0.85398  0.88722   0.8687
                     Class: 8 Class: 9
Sensitivity           0.65696  0.60859
Specificity           0.96879  0.97459
Pos Pred Value        0.69758  0.73699
Neg Pred Value        0.96265  0.95512
Prevalence            0.09875  0.10475
Detection Rate        0.06488  0.06375
Detection Prevalence  0.09300  0.08650
Balanced Accuracy     0.81288  0.79159
---------------------------------------------------------------------
=====================ROC value================================
Area under the curve: 0.8078
---------------------------------------------------------------------
-------------------------------Test set prediction results-------------
           
predresults   0   1   2   3   4   5   6   7   8   9
          0 806   9  35  26  28  26  38  25  29  36
          1  13 863  43  27  29  19  19  27  29  33
          2  16  39 646  29  21  15  25  36  26  12
          3   6  45  97 690  20  44  20  41  47  30
          4  10   9  13  13 626  25  23  24  30  61
          5  18  15  18  83  41 616  45  26 109  72
          6  20  28  35  17  71  36 716  22  34  51
          7  55  28  58  64  31  26  32 742  42  96
          8  25  69  57  38  48  65  24  24 596  40
          9  11  30  30  23  67  20  16  61  32 578
[1] "Prediction time in secs:"
   user  system elapsed 
  1.116   0.144   9.243 
[1] "---"
------------Confusion matrix for test dataset------------------------
Confusion Matrix and Statistics

           
predresults   0   1   2   3   4   5   6   7   8   9
          0 806   9  35  26  28  26  38  25  29  36
          1  13 863  43  27  29  19  19  27  29  33
          2  16  39 646  29  21  15  25  36  26  12
          3   6  45  97 690  20  44  20  41  47  30
          4  10   9  13  13 626  25  23  24  30  61
          5  18  15  18  83  41 616  45  26 109  72
          6  20  28  35  17  71  36 716  22  34  51
          7  55  28  58  64  31  26  32 742  42  96
          8  25  69  57  38  48  65  24  24 596  40
          9  11  30  30  23  67  20  16  61  32 578

Overall Statistics
                                         
               Accuracy : 0.6879         
                 95% CI : (0.6787, 0.697)
    No Information Rate : 0.1135         
    P-Value [Acc > NIR] : < 2.2e-16      
                                         
                  Kappa : 0.6532         
 Mcnemar's Test P-Value : < 2.2e-16      

Statistics by Class:

                     Class: 0 Class: 1 Class: 2 Class: 3 Class: 4 Class: 5 Class: 6 Class: 7
Sensitivity            0.8224   0.7604   0.6260   0.6832   0.6375   0.6906   0.7474   0.7218
Specificity            0.9721   0.9730   0.9756   0.9611   0.9769   0.9531   0.9653   0.9519
Pos Pred Value         0.7618   0.7831   0.7468   0.6635   0.7506   0.5906   0.6951   0.6320
Neg Pred Value         0.9805   0.9694   0.9577   0.9643   0.9612   0.9692   0.9730   0.9676
Prevalence             0.0980   0.1135   0.1032   0.1010   0.0982   0.0892   0.0958   0.1028
Detection Rate         0.0806   0.0863   0.0646   0.0690   0.0626   0.0616   0.0716   0.0742
Detection Prevalence   0.1058   0.1102   0.0865   0.1040   0.0834   0.1043   0.1030   0.1174
Balanced Accuracy      0.8973   0.8667   0.8008   0.8221   0.8072   0.8219   0.8563   0.8368
                     Class: 8 Class: 9
Sensitivity            0.6119   0.5728
Specificity            0.9568   0.9677
Pos Pred Value         0.6045   0.6659
Neg Pred Value         0.9581   0.9528
Prevalence             0.0974   0.1009
Detection Rate         0.0596   0.0578
Detection Prevalence   0.0986   0.0868
Balanced Accuracy      0.7844   0.7703
---------------------------------------------------------------------
=====================ROC value================================
Area under the curve: 0.7849
---------------------------------------------------------------------
