-------------------------------Train set prediction results-------------
           
predresults   0   1   2   3   4   5   6   7   8   9
          0 147   1   2   3   2  11   2   1   3   5
          1   1 182   4   6   5   5   2   2  10   6
          2   3   7 137  21   8   4  25   5  12   4
          3   3   9   8 139   2  13   7   3   9   8
          4   1   3   6   2 159   7   5   4   4  10
          5   1   3   0  12   3 101   7   2  11   5
          6   3   5   4   4   5  11 145   2   0   0
          7   4   5   6   9   7   5   1 172   5  24
          8   4  18   5  10   6  10   4   3 143  10
          9   1   1   1   6  16   7   4  17   5 139
--------------------------Time taken--------------------------------------
[1] "Training time in secs:"
    user   system  elapsed 
2960.409   20.317 2823.453 
[1] "---"
[1] "Prediction time in secs:"
   user  system elapsed 
  0.032   0.000   0.050 
[1] "---"
------------Confusion matrix for train dataset------------------------
Confusion Matrix and Statistics

           
predresults   0   1   2   3   4   5   6   7   8   9
          0 147   1   2   3   2  11   2   1   3   5
          1   1 182   4   6   5   5   2   2  10   6
          2   3   7 137  21   8   4  25   5  12   4
          3   3   9   8 139   2  13   7   3   9   8
          4   1   3   6   2 159   7   5   4   4  10
          5   1   3   0  12   3 101   7   2  11   5
          6   3   5   4   4   5  11 145   2   0   0
          7   4   5   6   9   7   5   1 172   5  24
          8   4  18   5  10   6  10   4   3 143  10
          9   1   1   1   6  16   7   4  17   5 139

Overall Statistics
                                         
               Accuracy : 0.732          
                 95% CI : (0.712, 0.7513)
    No Information Rate : 0.117          
    P-Value [Acc > NIR] : < 2e-16        
                                         
                  Kappa : 0.702          
 Mcnemar's Test P-Value : 0.00196        

Statistics by Class:

                     Class: 0 Class: 1 Class: 2 Class: 3 Class: 4 Class: 5 Class: 6 Class: 7 Class: 8 Class: 9
Sensitivity            0.8750   0.7778   0.7919   0.6557   0.7465   0.5805   0.7178   0.8152   0.7079   0.6588
Specificity            0.9836   0.9768   0.9513   0.9653   0.9765   0.9759   0.9811   0.9631   0.9611   0.9676
Pos Pred Value         0.8305   0.8161   0.6062   0.6915   0.7910   0.6966   0.8101   0.7227   0.6714   0.7056
Neg Pred Value         0.9885   0.9707   0.9797   0.9594   0.9700   0.9606   0.9687   0.9779   0.9670   0.9601
Prevalence             0.0840   0.1170   0.0865   0.1060   0.1065   0.0870   0.1010   0.1055   0.1010   0.1055
Detection Rate         0.0735   0.0910   0.0685   0.0695   0.0795   0.0505   0.0725   0.0860   0.0715   0.0695
Detection Prevalence   0.0885   0.1115   0.1130   0.1005   0.1005   0.0725   0.0895   0.1190   0.1065   0.0985
Balanced Accuracy      0.9293   0.8773   0.8716   0.8105   0.8615   0.7782   0.8495   0.8891   0.8345   0.8132
---------------------------------------------------------------------
=====================ROC value================================
Area under the curve: 0.8467
---------------------------------------------------------------------
-------------------------------Test set prediction results-------------
           
predresults   0   1   2   3   4   5   6   7   8   9
          0 827   3  15  16  12  45  26  10  17  23
          1   1 879  34  28  17  20  10  20  35  21
          2  22  49 801  65  34  42 134  52  73  31
          3  24  27  39 681  11  74  11  39  23  31
          4   7   1  28  11 671  28  44  13  13  68
          5  21  19   7  95  18 517  31   9  56  25
          6  30  23  13  12  23  34 650   2  33   4
          7  17  37  26  39  43  30   9 799  36 101
          8  18  82  54  35  48  71  32  16 642  26
          9  13  15  15  28 105  31  11  68  46 679
[1] "Prediction time in secs:"
   user  system elapsed 
  0.112   0.012   0.156 
[1] "---"
------------Confusion matrix for test dataset------------------------
Confusion Matrix and Statistics

           
predresults   0   1   2   3   4   5   6   7   8   9
          0 827   3  15  16  12  45  26  10  17  23
          1   1 879  34  28  17  20  10  20  35  21
          2  22  49 801  65  34  42 134  52  73  31
          3  24  27  39 681  11  74  11  39  23  31
          4   7   1  28  11 671  28  44  13  13  68
          5  21  19   7  95  18 517  31   9  56  25
          6  30  23  13  12  23  34 650   2  33   4
          7  17  37  26  39  43  30   9 799  36 101
          8  18  82  54  35  48  71  32  16 642  26
          9  13  15  15  28 105  31  11  68  46 679

Overall Statistics
                                          
               Accuracy : 0.7146          
                 95% CI : (0.7056, 0.7234)
    No Information Rate : 0.1135          
    P-Value [Acc > NIR] : < 2.2e-16       
                                          
                  Kappa : 0.6827          
 Mcnemar's Test P-Value : < 2.2e-16       

Statistics by Class:

                     Class: 0 Class: 1 Class: 2 Class: 3 Class: 4 Class: 5 Class: 6 Class: 7 Class: 8 Class: 9
Sensitivity            0.8439   0.7744   0.7762   0.6743   0.6833   0.5796   0.6785   0.7772   0.6591   0.6729
Specificity            0.9815   0.9790   0.9440   0.9690   0.9764   0.9691   0.9808   0.9623   0.9577   0.9631
Pos Pred Value         0.8320   0.8254   0.6147   0.7094   0.7590   0.6479   0.7888   0.7027   0.6270   0.6716
Neg Pred Value         0.9830   0.9713   0.9734   0.9636   0.9659   0.9592   0.9664   0.9742   0.9630   0.9633
Prevalence             0.0980   0.1135   0.1032   0.1010   0.0982   0.0892   0.0958   0.1028   0.0974   0.1009
Detection Rate         0.0827   0.0879   0.0801   0.0681   0.0671   0.0517   0.0650   0.0799   0.0642   0.0679
Detection Prevalence   0.0994   0.1065   0.1303   0.0960   0.0884   0.0798   0.0824   0.1137   0.1024   0.1011
Balanced Accuracy      0.9127   0.8767   0.8601   0.8216   0.8298   0.7744   0.8296   0.8698   0.8084   0.8180
---------------------------------------------------------------------
=====================ROC value================================
Area under the curve: 0.8467
---------------------------------------------------------------------
